-22.000000 0.159523 0.347037
-22.000000 0.338387 0.286484
-22.000000 0.517251 0.225931
-22.000000 0.696115 0.165378
-22.000000 0.874979 0.104825
-17.000000 0.001190 0.001486
-19.000000 0.071540 0.886734
-19.000000 0.078925 0.760438
-19.000000 0.086309 0.634141
-19.000000 0.093694 0.507845
-19.000000 0.101079 0.381549
-19.000000 0.108464 0.255253
-19.000000 0.115848 0.128957
-19.000000 0.123233 0.002660
-17.000000 0.008569 0.066379
-17.000000 0.030172 0.026540
-16.000000 0.043803 0.871583
-16.000000 0.041527 0.620404
-16.000000 0.039251 0.369224
-16.000000 0.036976 0.118045
-5.000000 0.030721 0.814757
-5.000000 0.020938 0.533008
-5.000000 0.011155 0.251260
-15.000000 0.036786 0.962737
-24.000000 0.087057 0.266710
-19.000000 0.196034 0.773346
-19.000000 0.203418 0.647050
-19.000000 0.210803 0.520754
-19.000000 0.218188 0.394458
-19.000000 0.225572 0.268162
-19.000000 0.232957 0.141865
-19.000000 0.240342 0.015569
-7.000000 0.123749 0.055459
-17.000000 0.015949 0.131273
-17.000000 0.037552 0.091433
-17.000000 0.059154 0.051593
-17.000000 0.080757 0.011754
-16.000000 0.085526 0.735794
-16.000000 0.083250 0.484615
-16.000000 0.080974 0.233436
-5.000000 0.078168 0.901238
-5.000000 0.068385 0.619489
-5.000000 0.058602 0.337741
-5.000000 0.048819 0.055992
-15.000000 0.272383 0.695212
-15.000000 0.612323 0.373332
-24.000000 0.054561 0.659467
-24.000000 0.198771 0.300260
-19.000000 0.320527 0.659959
-19.000000 0.327912 0.533663
-19.000000 0.335297 0.407366
-19.000000 0.342681 0.281070
-19.000000 0.350066 0.154774
-19.000000 0.357451 0.028478
-7.000000 0.109322 0.194982
-17.000000 0.001726 0.236007
-17.000000 0.023329 0.196167
-17.000000 0.044931 0.156327
-17.000000 0.066534 0.116487
-17.000000 0.088136 0.076647
-17.000000 0.109739 0.036808
-16.000000 0.129524 0.851185
-16.000000 0.127248 0.600006
-16.000000 0.124973 0.348827
-16.000000 0.122697 0.097647
-5.000000 0.115832 0.705971
-5.000000 0.106049 0.424222
-5.000000 0.096266 0.142473
-15.000000 0.168041 0.749567
-15.000000 0.507980 0.427687
-15.000000 0.847920 0.105806
-12.000000 0.289144 0.690505
-24.000000 0.166276 0.693017
-24.000000 0.310485 0.333809
-19.000000 0.445021 0.546571
-19.000000 0.452406 0.420275
-19.000000 0.459790 0.293979
-19.000000 0.467175 0.167683
-19.000000 0.474560 0.041387
-7.000000 0.094895 0.334506
-7.000000 0.236043 0.122589
-17.000000 0.009106 0.300900
-17.000000 0.030709 0.261061
-17.000000 0.052311 0.221221
-17.000000 0.073914 0.181381
-17.000000 0.095516 0.141541
-17.000000 0.117119 0.101701
-17.000000 0.138721 0.061861
-17.000000 0.160324 0.022022
-16.000000 0.171247 0.715397
-16.000000 0.168971 0.464217
-16.000000 0.166695 0.213038
-5.000000 0.163280 0.792452
-5.000000 0.153497 0.510703
-5.000000 0.143714 0.228954
-15.000000 0.063698 0.803922
-15.000000 0.403638 0.482042
-15.000000 0.743577 0.160161
-12.000000 0.216408 0.711275
-12.000000 0.647140 0.310317
-24.000000 0.422200 0.367359
-24.000000 0.566410 0.008151
-19.000000 0.576899 0.306888
-19.000000 0.584284 0.180591
-19.000000 0.591669 0.054295
-7.000000 0.080468 0.474030
-7.000000 0.221617 0.262112
-7.000000 0.362765 0.050195
-17.000000 0.016486 0.365794
-17.000000 0.038088 0.325954
-17.000000 0.059691 0.286114
-17.000000 0.081293 0.246275
-17.000000 0.102896 0.206435
-17.000000 0.124498 0.166595
-17.000000 0.146101 0.126755
-17.000000 0.167704 0.086915
-17.000000 0.189306 0.047076
-17.000000 0.210909 0.007236
-16.000000 0.212970 0.579608
-16.000000 0.210694 0.328429
-16.000000 0.208418 0.077250
-5.000000 0.200944 0.597184
-5.000000 0.191161 0.315436
-5.000000 0.181378 0.033687
-15.000000 0.299295 0.536397
-15.000000 0.639235 0.214516
-12.000000 0.143672 0.732046
-12.000000 0.574404 0.331088
-13.000000 0.641311 0.035409
-24.000000 0.533914 0.400908
-24.000000 0.678124 0.041701
-19.000000 0.701393 0.193500
-19.000000 0.708778 0.067204
-7.000000 0.066041 0.613554
-7.000000 0.207190 0.401636
-7.000000 0.348338 0.189719
-17.000000 0.002263 0.470528
-17.000000 0.023865 0.430688
-17.000000 0.045468 0.390848
-17.000000 0.067071 0.351008
-17.000000 0.088673 0.311168
-17.000000 0.110276 0.271329
-17.000000 0.131878 0.231489
-17.000000 0.153481 0.191649
-17.000000 0.175083 0.151809
-17.000000 0.196686 0.111969
-17.000000 0.218288 0.072129
-17.000000 0.239891 0.032290
-16.000000 0.256968 0.694999
-16.000000 0.254692 0.443820
-16.000000 0.252416 0.192640
-5.000000 0.248391 0.683666
-5.000000 0.238608 0.401917
-5.000000 0.228825 0.120168
-15.000000 0.194953 0.590751
-15.000000 0.534892 0.268871
-12.000000 0.070935 0.752816
-12.000000 0.501667 0.351858
-13.000000 0.684229 0.191558
-24.000000 0.789838 0.075250
-19.000000 0.825886 0.080113
-7.000000 0.051615 0.753078
-7.000000 0.192763 0.541160
-7.000000 0.333912 0.329242
-7.000000 0.475060 0.117325
-17.000000 0.009643 0.535421
-17.000000 0.031245 0.495582
-17.000000 0.052848 0.455742
-17.000000 0.074450 0.415902
-17.000000 0.096053 0.376062
-17.000000 0.117655 0.336222
-17.000000 0.139258 0.296382
-17.000000 0.160860 0.256543
-17.000000 0.182463 0.216703
-17.000000 0.204065 0.176863
-17.000000 0.225668 0.137023
-17.000000 0.247271 0.097183
-17.000000 0.268873 0.057344
-17.000000 0.290476 0.017504
-16.000000 0.298691 0.559210
-16.000000 0.296415 0.308031
-16.000000 0.294139 0.056852
-5.000000 0.286055 0.488398
-5.000000 0.276273 0.206649
-15.000000 0.090610 0.645106
-15.000000 0.430550 0.323226
-15.000000 0.770489 0.001346
-12.000000 0.428931 0.372629
-11.000000 0.051768 0.226537
-7.000000 0.037188 0.892601
-7.000000 0.178336 0.680684
-7.000000 0.319485 0.468766
-7.000000 0.460633 0.256849
-7.000000 0.601782 0.044931
-17.000000 0.017022 0.600315
-17.000000 0.038625 0.560475
-17.000000 0.060227 0.520635
-17.000000 0.081830 0.480796
-17.000000 0.103432 0.440956
-17.000000 0.125035 0.401116
-17.000000 0.146638 0.361276
-17.000000 0.168240 0.321436
-17.000000 0.189843 0.281597
-17.000000 0.211445 0.241757
-17.000000 0.233048 0.201917
-17.000000 0.254650 0.162077
-17.000000 0.276253 0.122237
-17.000000 0.297855 0.082397
-17.000000 0.319458 0.042558
-17.000000 0.341060 0.002718
-16.000000 0.340414 0.423422
-16.000000 0.338138 0.172243
-5.000000 0.333503 0.574879
-5.000000 0.323720 0.293131
-5.000000 0.313937 0.011382
-15.000000 0.326207 0.377581
-15.000000 0.666147 0.055701
-12.000000 0.356195 0.393399
-11.000000 0.189442 0.060444
-7.000000 0.163910 0.820208
-7.000000 0.305058 0.608290
-7.000000 0.446206 0.396372
-7.000000 0.587355 0.184455
-17.000000 0.002800 0.705049
-17.000000 0.024402 0.665209
-17.000000 0.046005 0.625369
-17.000000 0.067607 0.585529
-17.000000 0.089210 0.545689
-17.000000 0.110812 0.505849
-17.000000 0.132415 0.466010
-17.000000 0.154017 0.426170
-17.000000 0.175620 0.386330
-17.000000 0.197222 0.346490
-17.000000 0.218825 0.306650
-17.000000 0.240427 0.266811
-17.000000 0.262030 0.226971
-17.000000 0.283632 0.187131
-17.000000 0.305235 0.147291
-17.000000 0.326838 0.107451
-17.000000 0.348440 0.067612
-17.000000 0.370043 0.027772
-16.000000 0.384412 0.538813
-16.000000 0.382136 0.287633
-16.000000 0.379860 0.036454
-5.000000 0.371167 0.379612
-5.000000 0.361384 0.097863
-15.000000 0.221864 0.431936
-15.000000 0.561804 0.110056
-12.000000 0.283458 0.414170
-12.000000 0.714190 0.013212
-14.000000 0.382960 0.421670
-7.000000 0.431780 0.535896
-7.000000 0.572928 0.323979
-7.000000 0.714077 0.112061
-17.000000 0.010179 0.769942
-17.000000 0.031782 0.730102
-17.000000 0.053384 0.690263
-17.000000 0.074987 0.650423
-17.000000 0.096589 0.610583
-17.000000 0.118192 0.570743
-17.000000 0.139794 0.530903
-17.000000 0.161397 0.491064
-17.000000 0.183000 0.451224
-17.000000 0.204602 0.411384
-17.000000 0.226205 0.371544
-17.000000 0.247807 0.331704
-17.000000 0.269410 0.291865
-17.000000 0.291012 0.252025
-17.000000 0.312615 0.212185
-17.000000 0.334217 0.172345
-17.000000 0.355820 0.132505
-17.000000 0.377422 0.092665
-17.000000 0.399025 0.052826
-17.000000 0.420627 0.012986
-16.000000 0.426135 0.403024
-16.000000 0.423859 0.151845
-5.000000 0.418614 0.466093
-5.000000 0.408831 0.184344
-15.000000 0.117522 0.486291
-15.000000 0.457461 0.164411
-12.000000 0.210722 0.434940
-12.000000 0.641454 0.033982
-14.000000 0.263382 0.244997
-7.000000 0.699650 0.251585
-7.000000 0.840798 0.039667
-17.000000 0.017559 0.834836
-17.000000 0.039161 0.794996
-17.000000 0.060764 0.755156
-17.000000 0.082367 0.715317
-17.000000 0.103969 0.675477
-17.000000 0.125572 0.635637
-17.000000 0.147174 0.595797
-17.000000 0.168777 0.555957
-17.000000 0.190379 0.516117
-17.000000 0.211982 0.476278
-17.000000 0.233584 0.436438
-17.000000 0.255187 0.396598
-17.000000 0.276789 0.356758
-17.000000 0.298392 0.316918
-17.000000 0.319994 0.277079
-17.000000 0.341597 0.237239
-17.000000 0.363199 0.197399
-17.000000 0.384802 0.157559
-17.000000 0.406405 0.117719
-17.000000 0.428007 0.077880
-17.000000 0.449610 0.038040
-16.000000 0.470133 0.518415
-16.000000 0.467857 0.267236
-16.000000 0.465582 0.016056
-5.000000 0.456279 0.270826
-15.000000 0.013179 0.540646
-15.000000 0.353119 0.218766
-12.000000 0.137985 0.455711
-12.000000 0.568717 0.054753
-14.000000 0.143804 0.068323
-17.000000 0.003336 0.939570
-17.000000 0.024939 0.899730
-17.000000 0.046541 0.859890
-17.000000 0.068144 0.820050
-17.000000 0.089746 0.780210
-17.000000 0.111349 0.740370
-17.000000 0.132951 0.700531
-17.000000 0.154554 0.660691
-17.000000 0.176156 0.620851
-17.000000 0.197759 0.581011
-17.000000 0.219361 0.541171
-17.000000 0.240964 0.501332
-17.000000 0.262567 0.461492
-17.000000 0.284169 0.421652
-17.000000 0.305772 0.381812
-17.000000 0.327374 0.341972
-17.000000 0.348977 0.302133
-17.000000 0.370579 0.262293
-17.000000 0.392182 0.222453
-17.000000 0.413784 0.182613
-17.000000 0.435387 0.142773
-17.000000 0.456989 0.102933
-17.000000 0.478592 0.063094
-17.000000 0.500194 0.023254
-16.000000 0.511856 0.382626
-16.000000 0.509580 0.131447
-5.000000 0.503726 0.357307
-5.000000 0.493943 0.075558
-15.000000 0.248776 0.273120
-12.000000 0.065249 0.476481
-12.000000 0.495981 0.075523
-10.000000 0.105724 0.022136
-18.000000 0.003760 0.064886
-17.000000 0.032318 0.964623
-17.000000 0.053921 0.924784
-17.000000 0.075523 0.884944
-17.000000 0.097126 0.845104
-17.000000 0.118728 0.805264
-17.000000 0.140331 0.765424
-17.000000 0.161934 0.725585
-17.000000 0.183536 0.685745
-17.000000 0.205139 0.645905
-17.000000 0.226741 0.606065
-17.000000 0.248344 0.566225
-17.000000 0.269946 0.526385
-17.000000 0.291549 0.486546
-17.000000 0.313151 0.446706
-17.000000 0.334754 0.406866
-17.000000 0.356356 0.367026
-17.000000 0.377959 0.327186
-17.000000 0.399561 0.287347
-17.000000 0.421164 0.247507
-17.000000 0.442766 0.207667
-17.000000 0.464369 0.167827
-17.000000 0.485972 0.127987
-17.000000 0.507574 0.088148
-17.000000 0.529177 0.048308
-17.000000 0.550779 0.008468
-16.000000 0.553579 0.246838
-5.000000 0.551173 0.443788
-5.000000 0.541390 0.162039
-15.000000 0.144434 0.327475
-15.000000 0.484373 0.005595
-12.000000 0.423245 0.096294
-18.000000 0.007979 0.295873
-18.000000 0.037939 0.217915
-18.000000 0.067899 0.139956
-18.000000 0.097859 0.061998
-17.000000 0.126108 0.870158
-17.000000 0.147711 0.830318
-17.000000 0.169313 0.790478
-17.000000 0.190916 0.750638
-17.000000 0.212518 0.710799
-17.000000 0.234121 0.670959
-17.000000 0.255723 0.631119
-17.000000 0.277326 0.591279
-17.000000 0.298928 0.551439
-17.000000 0.320531 0.511600
-17.000000 0.342134 0.471760
-17.000000 0.363736 0.431920
-17.000000 0.385339 0.392080
-17.000000 0.406941 0.352240
-17.000000 0.428544 0.312400
-17.000000 0.450146 0.272561
-17.000000 0.471749 0.232721
-17.000000 0.493351 0.192881
-17.000000 0.514954 0.153041
-17.000000 0.536556 0.113201
-17.000000 0.558159 0.073362
-17.000000 0.579761 0.033522
-16.000000 0.597577 0.362229
-16.000000 0.595301 0.111049
-5.000000 0.588838 0.248520
-15.000000 0.040091 0.381830
-15.000000 0.380031 0.059950
-12.000000 0.350508 0.117064
-18.000000 0.012198 0.526860
-18.000000 0.042158 0.448902
-18.000000 0.072118 0.370943
-18.000000 0.102079 0.292985
-18.000000 0.132039 0.215026
-18.000000 0.161999 0.137068
-18.000000 0.191959 0.059109
-17.000000 0.219898 0.775692
-17.000000 0.241501 0.735853
-17.000000 0.263103 0.696013
-17.000000 0.284706 0.656173
-17.000000 0.306308 0.616333
-17.000000 0.327911 0.576493
-17.000000 0.349513 0.536653
-17.000000 0.371116 0.496814
-17.000000 0.392718 0.456974
-17.000000 0.414321 0.417134
-17.000000 0.435923 0.377294
-17.000000 0.457526 0.337454
-17.000000 0.479128 0.297615
-17.000000 0.500731 0.257775
-17.000000 0.522334 0.217935
-17.000000 0.543936 0.178095
-17.000000 0.565539 0.138255
-17.000000 0.587141 0.098416
-17.000000 0.608744 0.058576
-17.000000 0.630346 0.018736
-16.000000 0.639300 0.226440
-5.000000 0.636285 0.335002
-5.000000 0.626502 0.053253
-15.000000 0.275688 0.114305
-12.000000 0.277772 0.137835
-28.000000 0.390881 0.597041
-18.000000 0.016418 0.757847
-18.000000 0.046378 0.679888
-18.000000 0.076338 0.601930
-18.000000 0.106298 0.523972
-18.000000 0.136258 0.446013
-18.000000 0.166218 0.368055
-18.000000 0.196178 0.290096
-18.000000 0.226138 0.212138
-18.000000 0.256098 0.134179
-18.000000 0.286058 0.056221
-17.000000 0.313688 0.681227
-17.000000 0.335290 0.641387
-17.000000 0.356893 0.601547
-17.000000 0.378495 0.561707
-17.000000 0.400098 0.521868
-17.000000 0.421701 0.482028
-17.000000 0.443303 0.442188
-17.000000 0.464906 0.402348
-17.000000 0.486508 0.362508
-17.000000 0.508111 0.322668
-17.000000 0.529713 0.282829
-17.000000 0.551316 0.242989
-17.000000 0.572918 0.203149
-17.000000 0.594521 0.163309
-17.000000 0.616123 0.123469
-17.000000 0.637726 0.083630
-17.000000 0.659328 0.043790
-17.000000 0.680931 0.003950
-16.000000 0.681023 0.090652
-5.000000 0.673949 0.139734
-15.000000 0.171346 0.168660
-12.000000 0.205036 0.158605
-28.000000 0.371493 0.505700
-23.000000 0.020467 0.009501
-18.000000 0.050597 0.910875
-18.000000 0.080557 0.832917
-18.000000 0.110517 0.754959
-18.000000 0.140477 0.677000
-18.000000 0.170437 0.599042
-18.000000 0.200397 0.521083
-18.000000 0.230357 0.443125
-18.000000 0.260317 0.365166
-18.000000 0.290278 0.287208
-18.000000 0.320238 0.209249
-18.000000 0.350198 0.131291
-18.000000 0.380158 0.053333
-17.000000 0.407478 0.586761
-17.000000 0.429080 0.546921
-17.000000 0.450683 0.507082
-17.000000 0.472285 0.467242
-17.000000 0.493888 0.427402
-17.000000 0.515490 0.387562
-17.000000 0.537093 0.347722
-17.000000 0.558695 0.307883
-17.000000 0.580298 0.268043
-17.000000 0.601901 0.228203
-17.000000 0.623503 0.188363
-17.000000 0.645106 0.148523
-17.000000 0.666708 0.108684
-17.000000 0.688311 0.068844
-17.000000 0.709913 0.029004
-16.000000 0.725021 0.206042
-5.000000 0.721396 0.226215
-15.000000 0.067003 0.223015
-12.000000 0.132299 0.179376
-28.000000 0.352105 0.414359
-23.000000 0.020467 0.245445
-23.000000 0.051288 0.197296
-23.000000 0.082109 0.149147
-23.000000 0.112930 0.100998
-23.000000 0.143752 0.052849
-23.000000 0.174573 0.004700
-18.000000 0.204617 0.752070
-18.000000 0.234577 0.674112
-18.000000 0.264537 0.596153
-18.000000 0.294497 0.518195
-18.000000 0.324457 0.440236
-18.000000 0.354417 0.362278
-18.000000 0.384377 0.284319
-18.000000 0.414337 0.206361
-18.000000 0.444297 0.128403
-18.000000 0.474257 0.050444
-17.000000 0.501268 0.492296
-17.000000 0.522870 0.452456
-17.000000 0.544473 0.412616
-17.000000 0.566075 0.372776
-17.000000 0.587678 0.332936
-17.000000 0.609280 0.293097
-17.000000 0.630883 0.253257
-17.000000 0.652485 0.213417
-17.000000 0.674088 0.173577
-17.000000 0.695690 0.133737
-17.000000 0.717293 0.093898
-17.000000 0.738895 0.054058
-17.000000 0.760498 0.014218
-16.000000 0.766744 0.070254
-5.000000 0.759061 0.030948
-12.000000 0.059563 0.200146
-28.000000 0.332716 0.323019
-34.000000 0.283128 0.273043
-23.000000 0.020467 0.481390
-23.000000 0.051288 0.433241
-23.000000 0.082109 0.385092
-23.000000 0.112930 0.336943
-23.000000 0.143752 0.288794
-23.000000 0.174573 0.240645
-23.000000 0.205394 0.192496
-23.000000 0.236215 0.144346
-23.000000 0.267036 0.096197
-23.000000 0.297857 0.048048
-18.000000 0.328676 0.671223
-18.000000 0.358636 0.593265
-18.000000 0.388596 0.515306
-18.000000 0.418556 0.437348
-18.000000 0.448516 0.359390
-18.000000 0.478477 0.281431
-18.000000 0.508437 0.203473
-18.000000 0.538397 0.125514
-18.000000 0.568357 0.047556
-17.000000 0.595057 0.397830
-17.000000 0.616660 0.357990
-17.000000 0.638262 0.318151
-17.000000 0.659865 0.278311
-17.000000 0.681468 0.238471
-17.000000 0.703070 0.198631
-17.000000 0.724673 0.158791
-17.000000 0.746275 0.118952
-17.000000 0.767878 0.079112
-17.000000 0.789480 0.039272
-16.000000 0.810742 0.185644
-5.000000 0.806508 0.117429
-15.000000 0.198257 0.009844
-28.000000 0.313328 0.231678
-4.000000 0.593996 0.404186
-23.000000 0.020467 0.717335
-23.000000 0.051288 0.669186
-23.000000 0.082109 0.621037
-23.000000 0.112930 0.572887
-23.000000 0.143752 0.524738
-23.000000 0.174573 0.476589
-23.000000 0.205394 0.428440
-23.000000 0.236215 0.380291
-23.000000 0.267036 0.332142
-23.000000 0.297857 0.283993
-23.000000 0.328678 0.235844
-23.000000 0.359499 0.187695
-23.000000 0.390320 0.139546
-23.000000 0.421141 0.091397
-23.000000 0.451962 0.043248
-18.000000 0.482696 0.512418
-18.000000 0.512656 0.434460
-18.000000 0.542616 0.356501
-18.000000 0.572576 0.278543
-18.000000 0.602536 0.200584
-18.000000 0.632496 0.122626
-18.000000 0.662456 0.044667
-17.000000 0.688847 0.303365
-17.000000 0.710450 0.263525
-17.000000 0.732052 0.223685
-17.000000 0.753655 0.183845
-17.000000 0.775257 0.144005
-17.000000 0.796860 0.104166
-17.000000 0.818462 0.064326
-17.000000 0.840065 0.024486
-16.000000 0.852465 0.049856
-15.000000 0.093915 0.064199
-28.000000 0.293940 0.140337
-4.000000 0.689957 0.231729
-23.000000 0.020467 0.953279
-23.000000 0.051288 0.905130
-23.000000 0.082109 0.856981
-23.000000 0.112930 0.808832
-23.000000 0.143752 0.760683
-23.000000 0.174573 0.712534
-23.000000 0.205394 0.664385
-23.000000 0.236215 0.616236
-23.000000 0.267036 0.568087
-23.000000 0.297857 0.519938
-23.000000 0.328678 0.471789
-23.000000 0.359499 0.423640
-23.000000 0.390320 0.375490
-23.000000 0.421141 0.327341
-23.000000 0.451962 0.279192
-23.000000 0.482783 0.231043
-23.000000 0.513605 0.182894
-23.000000 0.544426 0.134745
-23.000000 0.575247 0.086596
-23.000000 0.606068 0.038447
-18.000000 0.636715 0.353613
-18.000000 0.666676 0.275654
-18.000000 0.696636 0.197696
-18.000000 0.726596 0.119737
-18.000000 0.756556 0.041779
-17.000000 0.782637 0.208899
-17.000000 0.804240 0.169059
-17.000000 0.825842 0.129220
-17.000000 0.847445 0.089380
-17.000000 0.869047 0.049540
-17.000000 0.890650 0.009700
-5.000000 0.891620 0.008643
-28.000000 0.274551 0.048996
-4.000000 0.785917 0.059272
-2.000000 0.019682 0.210326
-2.000000 0.050568 0.192946
-2.000000 0.081454 0.175566
-2.000000 0.112340 0.158185
-2.000000 0.143226 0.140805
-2.000000 0.174112 0.123424
-2.000000 0.204998 0.106044
-2.000000 0.235884 0.088663
-2.000000 0.266770 0.071283
-2.000000 0.297656 0.053902
-2.000000 0.328542 0.036522
-2.000000 0.359428 0.019141
-2.000000 0.390314 0.001761
-23.000000 0.421141 0.563286
-23.000000 0.451962 0.515137
-23.000000 0.482783 0.466988
-23.000000 0.513605 0.418839
-23.000000 0.544426 0.370690
-23.000000 0.575247 0.322541
-23.000000 0.606068 0.274392
-23.000000 0.636889 0.226243
-23.000000 0.667710 0.178093
-23.000000 0.698531 0.129944
-23.000000 0.729352 0.081795
-23.000000 0.760173 0.033646
-18.000000 0.790735 0.194807
-18.000000 0.820695 0.116849
-18.000000 0.850655 0.038891
-17.000000 0.876427 0.114434
-17.000000 0.898029 0.074594
-17.000000 0.919632 0.034754
-16.000000 0.938186 0.029458
-4.000000 0.044486 0.184201
-2.000000 0.018799 0.446986
-2.000000 0.049685 0.429605
-2.000000 0.080571 0.412225
-2.000000 0.111457 0.394844
-2.000000 0.142343 0.377464
-2.000000 0.173229 0.360083
-2.000000 0.204115 0.342703
-2.000000 0.235001 0.325323
-2.000000 0.265887 0.307942
-2.000000 0.296773 0.290562
-2.000000 0.327658 0.273181
-2.000000 0.358544 0.255801
-2.000000 0.389430 0.238420
-2.000000 0.420316 0.221040
-2.000000 0.451202 0.203659
-2.000000 0.482088 0.186279
-2.000000 0.512974 0.168898
-2.000000 0.543860 0.151518
-2.000000 0.574746 0.134137
-2.000000 0.605632 0.116757
-2.000000 0.636518 0.099376
-2.000000 0.667404 0.081996
-2.000000 0.698290 0.064615
-2.000000 0.729176 0.047235
-2.000000 0.760062 0.029854
-2.000000 0.790948 0.012474
-23.000000 0.821815 0.173293
-23.000000 0.852637 0.125144
-23.000000 0.883458 0.076995
-23.000000 0.914279 0.028845
-18.000000 0.944755 0.036002
-17.000000 0.970217 0.019968
-4.000000 0.140447 0.011744
-2.000000 0.017916 0.683645
-2.000000 0.048802 0.666265
-2.000000 0.079688 0.648884
-2.000000 0.110573 0.631504
-2.000000 0.141459 0.614123
-2.000000 0.172345 0.596743
-2.000000 0.203231 0.579362
-2.000000 0.234117 0.561982
-2.000000 0.265003 0.544601
-2.000000 0.295889 0.527221
-2.000000 0.326775 0.509840
-2.000000 0.357661 0.492460
-2.000000 0.388547 0.475080
-2.000000 0.419433 0.457699
-2.000000 0.450319 0.440319
-2.000000 0.481205 0.422938
-2.000000 0.512091 0.405558
-2.000000 0.542977 0.388177
-2.000000 0.573863 0.370797
-2.000000 0.604749 0.353416
-2.000000 0.635635 0.336036
-2.000000 0.666521 0.318655
-2.000000 0.697407 0.301275
-20.000000 0.028141 0.700303
-20.000000 0.059326 0.700171
-20.000000 0.090511 0.700040
-20.000000 0.121695 0.699908
-20.000000 0.152880 0.699777
-20.000000 0.184065 0.699645
-20.000000 0.215250 0.699514
-20.000000 0.246435 0.699382
-20.000000 0.277620 0.699250
-2.000000 0.017032 0.920305
-2.000000 0.047918 0.902924
-2.000000 0.078804 0.885544
-2.000000 0.109690 0.868163
-2.000000 0.140576 0.850783
-20.000000 0.011232 0.160290
-20.000000 0.042417 0.160158
-20.000000 0.073602 0.160027
-20.000000 0.104787 0.159895
-20.000000 0.135972 0.159764
-20.000000 0.167157 0.159632
-20.000000 0.198342 0.159501
-20.000000 0.229527 0.159369
-20.000000 0.260712 0.159237
-20.000000 0.291897 0.159106
-20.000000 0.323082 0.158974
-20.000000 0.354267 0.158843
-20.000000 0.385452 0.158711
-20.000000 0.416637 0.158579
-20.000000 0.447822 0.158448
-20.000000 0.479007 0.158316
-20.000000 0.510192 0.158185
-20.000000 0.541377 0.158053
-20.000000 0.572562 0.157922
-20.000000 0.603747 0.157790
-20.000000 0.634932 0.157658
-20.000000 0.666116 0.157527
-20.000000 0.697301 0.157395
-20.000000 0.728486 0.157264
-20.000000 0.759671 0.157132
-20.000000 0.790856 0.157000
-20.000000 0.822041 0.156869
-25.000000 0.162340 0.823788
-25.000000 0.144122 0.810230
-25.000000 0.125904 0.796671
-25.000000 0.107686 0.783113
-25.000000 0.089468 0.769554
-25.000000 0.071250 0.755996
-25.000000 0.053032 0.742438
-25.000000 0.034814 0.728879
-25.000000 0.016595 0.715321
-6.000000 0.700204 0.002757
-6.000000 0.669150 0.033709
-6.000000 0.638096 0.064661
-6.000000 0.607042 0.095613
-6.000000 0.575988 0.126564
-6.000000 0.544934 0.157516
-6.000000 0.513880 0.188468
-6.000000 0.482826 0.219420
-6.000000 0.451772 0.250372
-6.000000 0.420718 0.281324
-6.000000 0.389664 0.312276
-6.000000 0.358609 0.343228
-6.000000 0.327555 0.374180
-6.000000 0.296501 0.405132
-6.000000 0.265447 0.436084
-6.000000 0.234393 0.467036
-6.000000 0.203339 0.497988
-6.000000 0.172285 0.528939
-6.000000 0.141231 0.559891
-6.000000 0.110177 0.590843
-6.000000 0.079123 0.621795
-6.000000 0.048069 0.652747
-6.000000 0.017015 0.683699
-25.000000 0.407293 0.583645
-25.000000 0.389075 0.570087
-25.000000 0.370857 0.556529
-25.000000 0.352639 0.542970
-25.000000 0.334421 0.529412
-25.000000 0.316202 0.515854
-25.000000 0.297984 0.502295
-25.000000 0.279766 0.488737
-25.000000 0.261548 0.475178
-25.000000 0.243330 0.461620
-25.000000 0.225112 0.448062
-25.000000 0.206894 0.434503
-25.000000 0.188676 0.420945
-25.000000 0.170457 0.407387
-25.000000 0.152239 0.393828
-25.000000 0.134021 0.380270
-25.000000 0.115803 0.366711
-25.000000 0.097585 0.353153
-25.000000 0.079367 0.339595
-25.000000 0.061149 0.326036
-25.000000 0.042931 0.312478
-25.000000 0.024712 0.298920
-25.000000 0.006494 0.285361
-6.000000 0.260544 0.019918
-6.000000 0.229490 0.050870
-6.000000 0.198436 0.081822
-6.000000 0.167382 0.112774
-6.000000 0.136328 0.143726
-6.000000 0.105274 0.174678
-6.000000 0.074220 0.205630
-6.000000 0.043165 0.236582
-6.000000 0.012111 0.267534
-25.000000 0.652246 0.343503
-25.000000 0.634027 0.329945
-25.000000 0.615809 0.316386
-25.000000 0.597591 0.302828
-25.000000 0.579373 0.289269
-25.000000 0.561155 0.275711
-25.000000 0.542937 0.262153
-25.000000 0.524719 0.248594
-25.000000 0.506501 0.235036
-25.000000 0.488283 0.221478
-25.000000 0.470064 0.207919
-25.000000 0.451846 0.194361
-25.000000 0.433628 0.180802
-25.000000 0.415410 0.167244
-25.000000 0.397192 0.153686
-25.000000 0.378974 0.140127
-25.000000 0.360756 0.126569
-25.000000 0.342538 0.113011
-25.000000 0.324319 0.099452
-25.000000 0.306101 0.085894
-25.000000 0.287883 0.072335
-25.000000 0.269665 0.058777
-25.000000 0.251447 0.045219
-25.000000 0.233229 0.031660
-25.000000 0.215011 0.018102
-25.000000 0.196793 0.004544
-26.000000 0.812914 0.018050
-26.000000 0.818332 0.045197
-26.000000 0.823749 0.072344
-26.000000 0.829167 0.099492
-26.000000 0.834584 0.126639
-26.000000 0.840001 0.153786
-25.000000 0.878980 0.089802
-25.000000 0.860762 0.076244
-25.000000 0.842544 0.062685
-25.000000 0.824326 0.049127
-25.000000 0.806108 0.035569
-25.000000 0.787889 0.022010
-25.000000 0.769671 0.008452
-26.000000 0.243725 0.010225
-26.000000 0.249143 0.037372
-26.000000 0.254560 0.064519
-26.000000 0.259978 0.091666
-26.000000 0.265395 0.118814
-26.000000 0.270812 0.145961
-26.000000 0.276230 0.173108
-26.000000 0.281647 0.200255
-26.000000 0.287065 0.227403
-26.000000 0.292482 0.254550
-26.000000 0.297900 0.281697
-26.000000 0.303317 0.308844
-26.000000 0.308734 0.335991
-26.000000 0.314152 0.363139
-26.000000 0.319569 0.390286
-26.000000 0.324987 0.417433
-26.000000 0.330404 0.444580
-26.000000 0.335821 0.471728
-26.000000 0.341239 0.498875
-26.000000 0.346656 0.526022
-26.000000 0.352074 0.553169
-26.000000 0.357491 0.580317
-26.000000 0.362908 0.607464
-27.000000 0.004407 0.045529
-27.000000 0.037598 0.044601
-27.000000 0.070789 0.043674
-27.000000 0.103980 0.042746
-27.000000 0.137171 0.041818
-27.000000 0.170362 0.040890
-27.000000 0.203553 0.039963
-27.000000 0.236744 0.039035
-27.000000 0.269935 0.038107
-27.000000 0.303126 0.037180
-27.000000 0.336317 0.036252
-27.000000 0.369508 0.035324
-27.000000 0.402699 0.034397
-27.000000 0.435890 0.033469
-27.000000 0.469081 0.032541
-27.000000 0.502272 0.031614
-27.000000 0.535463 0.030686
-27.000000 0.568654 0.029758
-27.000000 0.601845 0.028830
-27.000000 0.635036 0.027903
-27.000000 0.668227 0.026975
-27.000000 0.701418 0.026047
-27.000000 0.734609 0.025120
-27.000000 0.767800 0.024192
-27.000000 0.800991 0.023264
-27.000000 0.834182 0.022337
-27.000000 0.867373 0.021409
-27.000000 0.900564 0.020481
-27.000000 0.933755 0.019553
-27.000000 0.966946 0.018626
-8.000000 0.038012 0.258143
-8.000000 0.108596 0.049053
-27.000000 0.025404 0.124445
-27.000000 0.058595 0.123518
-27.000000 0.091786 0.122590
-27.000000 0.124977 0.121662
-27.000000 0.158168 0.120734
-27.000000 0.191359 0.119807
-27.000000 0.224550 0.118879
-27.000000 0.257741 0.117951
-27.000000 0.290932 0.117024
-27.000000 0.324123 0.116096
-27.000000 0.357314 0.115168
-27.000000 0.390505 0.114241
-27.000000 0.423696 0.113313
-27.000000 0.456887 0.112385
-27.000000 0.490078 0.111457
-27.000000 0.523269 0.110530
-27.000000 0.556460 0.109602
-27.000000 0.589651 0.108674
-27.000000 0.622842 0.107747
-27.000000 0.656033 0.106819
-27.000000 0.689224 0.105891
-27.000000 0.722415 0.104964
-27.000000 0.755606 0.104036
-27.000000 0.788797 0.103108
-27.000000 0.821988 0.102180
-27.000000 0.855179 0.101253
-27.000000 0.888370 0.100325
-32.000000 0.084162 0.023984
-21.000000 0.523128 0.404787
-8.000000 0.020999 0.544051
-8.000000 0.091583 0.334961
-8.000000 0.162167 0.125871
-27.000000 0.013210 0.204289
-27.000000 0.046401 0.203361
-27.000000 0.079592 0.202434
-27.000000 0.112783 0.201506
-27.000000 0.145974 0.200578
-27.000000 0.179165 0.199651
-27.000000 0.212356 0.198723
-27.000000 0.245547 0.197795
-27.000000 0.278738 0.196868
-27.000000 0.311929 0.195940
-27.000000 0.345120 0.195012
-27.000000 0.378311 0.194084
-27.000000 0.411502 0.193157
-27.000000 0.444693 0.192229
-27.000000 0.477884 0.191301
-27.000000 0.511075 0.190374
-27.000000 0.544266 0.189446
-27.000000 0.577457 0.188518
-27.000000 0.610648 0.187591
-27.000000 0.643839 0.186663
-27.000000 0.677030 0.185735
-27.000000 0.710221 0.184807
-27.000000 0.743412 0.183880
-27.000000 0.776603 0.182952
-27.000000 0.809794 0.182024
-32.000000 0.014240 0.172699
-29.000000 0.127647 0.716721
-21.000000 0.348030 0.373248
-8.000000 0.003986 0.829958
-8.000000 0.074570 0.620868
-8.000000 0.145154 0.411779
-8.000000 0.215738 0.202689
-27.000000 0.001016 0.284133
-27.000000 0.034207 0.283205
-27.000000 0.067398 0.282278
-27.000000 0.100589 0.281350
-27.000000 0.133780 0.280422
-27.000000 0.166971 0.279495
-27.000000 0.200162 0.278567
-27.000000 0.233353 0.277639
-27.000000 0.266544 0.276711
-27.000000 0.299735 0.275784
-27.000000 0.332926 0.274856
-27.000000 0.366117 0.273928
-27.000000 0.399308 0.273001
-27.000000 0.432499 0.272073
-27.000000 0.465690 0.271145
-27.000000 0.498881 0.270218
-27.000000 0.532072 0.269290
-27.000000 0.565263 0.268362
-27.000000 0.598454 0.267435
-27.000000 0.631645 0.266507
-27.000000 0.664836 0.265579
-27.000000 0.698027 0.264651
-27.000000 0.731218 0.263724
-33.000000 0.223410 0.045165
-32.000000 0.263664 0.024297
-29.000000 0.131432 0.527302
-21.000000 0.172931 0.341708
-8.000000 0.057557 0.906776
-8.000000 0.128141 0.697686
-8.000000 0.198725 0.488596
-8.000000 0.269309 0.279507
-8.000000 0.339893 0.070417
-27.000000 0.022013 0.363049
-27.000000 0.055204 0.362122
-27.000000 0.088395 0.361194
-27.000000 0.121586 0.360266
-27.000000 0.154777 0.359339
-27.000000 0.187968 0.358411
-27.000000 0.221159 0.357483
-27.000000 0.254350 0.356555
-27.000000 0.287541 0.355628
-27.000000 0.320732 0.354700
-27.000000 0.353923 0.353772
-27.000000 0.387114 0.352845
-27.000000 0.420305 0.351917
-27.000000 0.453496 0.350989
-27.000000 0.486687 0.350062
-27.000000 0.519878 0.349134
-27.000000 0.553069 0.348206
-27.000000 0.586260 0.347278
-27.000000 0.619451 0.346351
-27.000000 0.652642 0.345423
-33.000000 0.249058 0.101879
-32.000000 0.193741 0.173012
-29.000000 0.307667 0.537093
-29.000000 0.135218 0.337882
-35.000000 0.117532 0.785578
-1.000000 0.836429 0.078836
-8.000000 0.181712 0.774504
-8.000000 0.252296 0.565414
-8.000000 0.322881 0.356324
-8.000000 0.393465 0.147235
-27.000000 0.009819 0.442893
-27.000000 0.043010 0.441966
-27.000000 0.076201 0.441038
-27.000000 0.109392 0.440110
-27.000000 0.142583 0.439182
-27.000000 0.175774 0.438255
-27.000000 0.208965 0.437327
-27.000000 0.242156 0.436399
-27.000000 0.275347 0.435472
-27.000000 0.308538 0.434544
-27.000000 0.341729 0.433616
-27.000000 0.374920 0.432689
-27.000000 0.408111 0.431761
-27.000000 0.441302 0.430833
-27.000000 0.474493 0.429905
-27.000000 0.507684 0.428978
-27.000000 0.540875 0.428050
-33.000000 0.009758 0.417617
-33.000000 0.274707 0.158593
-32.000000 0.123819 0.321728
-32.000000 0.443166 0.024610
-29.000000 0.311452 0.347673
-29.000000 0.139004 0.148463
-35.000000 0.445345 0.528899
-35.000000 0.090024 0.670291
-1.000000 0.710668 0.087956
-1.000000 0.716768 0.205759
-8.000000 0.305868 0.642232
-8.000000 0.376452 0.433142
-8.000000 0.447036 0.224052
-8.000000 0.517620 0.014963
-27.000000 0.030816 0.521809
-27.000000 0.064007 0.520882
-27.000000 0.097198 0.519954
-27.000000 0.130389 0.519026
-27.000000 0.163580 0.518099
-27.000000 0.196771 0.517171
-27.000000 0.229962 0.516243
-27.000000 0.263153 0.515316
-27.000000 0.296344 0.514388
-27.000000 0.329535 0.513460
-27.000000 0.362726 0.512532
-27.000000 0.395917 0.511605
-27.000000 0.429108 0.510677
-27.000000 0.462299 0.509749
-33.000000 0.035406 0.474331
-33.000000 0.300355 0.215308
-32.000000 0.053897 0.470443
-32.000000 0.373243 0.173325
-29.000000 0.487687 0.357464
-29.000000 0.315238 0.158254
-31.000000 0.096851 0.101322
-35.000000 0.417837 0.413612
-35.000000 0.062516 0.555005
-1.000000 0.584908 0.097076
-1.000000 0.591007 0.214878
-1.000000 0.597106 0.332681
-8.000000 0.430023 0.509960
-8.000000 0.500607 0.300870
-8.000000 0.571191 0.091780
-27.000000 0.018622 0.601653
-27.000000 0.051813 0.600726
-27.000000 0.085004 0.599798
-27.000000 0.118195 0.598870
-27.000000 0.151386 0.597943
-27.000000 0.184577 0.597015
-27.000000 0.217768 0.596087
-27.000000 0.250959 0.595160
-27.000000 0.284150 0.594232
-27.000000 0.317341 0.593304
-27.000000 0.350532 0.592376
-27.000000 0.383723 0.591449
-33.000000 0.061055 0.531045
-33.000000 0.326004 0.272022
-33.000000 0.590953 0.012998
-32.000000 0.303321 0.322041
-32.000000 0.622668 0.024923
-29.000000 0.491473 0.168045
-31.000000 0.073698 0.287469
-30.000000 0.129906 0.347432
-35.000000 0.745651 0.156933
-35.000000 0.390330 0.298325
-35.000000 0.035009 0.439718
-1.000000 0.459147 0.106196
-1.000000 0.465246 0.223998
-1.000000 0.471346 0.341801
-1.000000 0.477445 0.459603
-8.000000 0.554178 0.377688
-8.000000 0.624762 0.168598
-27.000000 0.006428 0.681497
-27.000000 0.039619 0.680570
-27.000000 0.072810 0.679642
-27.000000 0.106001 0.678714
-27.000000 0.139192 0.677787
-27.000000 0.172383 0.676859
-27.000000 0.205574 0.675931
-27.000000 0.238765 0.675003
-27.000000 0.271956 0.674076
-27.000000 0.305147 0.673148
-33.000000 0.086703 0.587760
-33.000000 0.351652 0.328736
-33.000000 0.616601 0.069713
-32.000000 0.233399 0.470756
-32.000000 0.552745 0.173639
-29.000000 0.667707 0.177836
-31.000000 0.050545 0.473617
-31.000000 0.521625 0.099470
-30.000000 0.411666 0.367326
-35.000000 0.718143 0.041646
-35.000000 0.362822 0.183039
-35.000000 0.007501 0.324431
-1.000000 0.333387 0.115316
-1.000000 0.339486 0.233118
-1.000000 0.345585 0.350921
-1.000000 0.351684 0.468723
-1.000000 0.357784 0.586526
-8.000000 0.678333 0.245416
-8.000000 0.748917 0.036326
-27.000000 0.027425 0.760414
-27.000000 0.060616 0.759486
-27.000000 0.093807 0.758558
-27.000000 0.126998 0.757630
-27.000000 0.160189 0.756703
-27.000000 0.193380 0.755775
-27.000000 0.226571 0.754847
-33.000000 0.112352 0.644474
-33.000000 0.377301 0.385451
-33.000000 0.642249 0.126427
-32.000000 0.163477 0.619471
-32.000000 0.482823 0.322354
-32.000000 0.802169 0.025236
-31.000000 0.027393 0.659764
-31.000000 0.498472 0.285617
-30.000000 0.132682 0.767989
-35.000000 0.335315 0.067752
-1.000000 0.201527 0.006633
-1.000000 0.207626 0.124435
-1.000000 0.213725 0.242238
-1.000000 0.219825 0.360040
-1.000000 0.225924 0.477843
-1.000000 0.232023 0.595645
-1.000000 0.238122 0.713448
-8.000000 0.802488 0.113144
-27.000000 0.015230 0.840258
-27.000000 0.048421 0.839330
-27.000000 0.081612 0.838402
-27.000000 0.114803 0.837474
-27.000000 0.147994 0.836547
-33.000000 0.138000 0.701188
-33.000000 0.402949 0.442165
-33.000000 0.667898 0.183141
-32.000000 0.093554 0.768186
-32.000000 0.412901 0.471069
-32.000000 0.732247 0.173952
-31.000000 0.004240 0.845912
-31.000000 0.475320 0.471764
-1.000000 0.075766 0.015753
-1.000000 0.081866 0.133555
-1.000000 0.087965 0.251358
-1.000000 0.094064 0.369160
-1.000000 0.100163 0.486963
-1.000000 0.106263 0.604765
-1.000000 0.112362 0.722568
-1.000000 0.118461 0.840370
-27.000000 0.003036 0.920101
-27.000000 0.036227 0.919174
-27.000000 0.069418 0.918246
-33.000000 0.163648 0.757903
-33.000000 0.428597 0.498879
-33.000000 0.693546 0.239856
-32.000000 0.023632 0.916902
-32.000000 0.342979 0.619784
-32.000000 0.662325 0.322667
-36.000000 0.099719 0.154594
-36.000000 0.223490 0.133113
-36.000000 0.347261 0.111632
-36.000000 0.471033 0.090151
-36.000000 0.594804 0.068670
-36.000000 0.718575 0.047189
-36.000000 0.842347 0.025708
-36.000000 0.966118 0.004227
-36.000000 0.109539 0.576030
-36.000000 0.233310 0.554549
-36.000000 0.357081 0.533068
-36.000000 0.480853 0.511588
